67
72
9
9
76
69
7
23
87
10
40
93
71
70
66
76
2
75
30
19
37
33
12
1
56
93
51
8
8
23
48
39
47
72
61
0
23
87
42
35
69
54
43
31
3
28
54
86
70
4
10
88
93
69
32
83
82
2
33
44
52
78
41
65
3
95
66
70
54
16
48
59
18
23
53
17
83
97
64
45
70
72
94
41
46
35
9
81
88
50
65
39
78
69
75
7
17
78
18
6
100
10
5
59
59
39
66
53
73
67
97
79
98
6
33
53
98
17
82
67
47
44
14
40
100
85
5
67
69
42
18
15
9
42
22
81
92
4
97
36
93
98
31
72
15
9
89
93
14
90
53
87
38
99
10
6
85
31
93
9
61
75
95
60
37
67
84
74
53
23
37
43
97
25
100
95
44
93
95
86
79
75
74
34
34
6
64
1
52
11
84
8
35
64
34
14
100
65
27
91
66
14
37
95
47
68
24
64
9
13
64
73
64
72
38
32
49
34
37
21
98
84
54
72
15
92
5
78
6
96
59
93
67
92
89
63
20
11
50
53
64
75
9
23
34
20
13
4
73
75
35
53
70
71
71
72
32
9
90
33
92
52
23
38
24
7
94
4
86
50
97
90
87
56
93
51
83
29
81
22
68
22
90
27
14
78
95
99
70
71
67
98
14
6
15
30
4
3
43
29
75
64
80
10
69
92
33
15
15
79
45
42
32
80
55
88
28
59
15
20
74
46
81
21
31
20
76
93
19
83
83
96
53
30
89
2
10
33
39
58
80
82
18
91
71
42
97
89
17
67
60
28
75
28
95
39
35
2
1
8
31
27
70
11
57
6
56
31
57
87
97
59
38
93
9
71
14
91
70
45
3
50
33
51
69
60
50
46
36
7
70
71
4
70
71
58
30
99
58
60
31
24
18
98
54
70
92
76
79
58
41
7
24
57
94
28
19
39
96
88
2
85
79
9
7
6
49
54
89
47
38
50
29
18
88
58
52
89
64
64
64
34
49
0
21
31
31
54
86
22
72
100
83
93
32
61
100
39
74
44
27
5
26
93
74
7
50
16
64
40
67
43
68
87
63
68
26
45
50
4
95
8
13
78
55
63
5
38
70
81
77
93
75
45
17
54
74
56
42
37
40
41
90
44
37
74
51
25
25
88
47
10
50
44
98
84
85
78
67
30
66
33
16
31
37
36
46
77
8
9
66
73
53
11
32
6
100
86
51
96
24
91
65
9
83
81
42
24
79
45
68
14
22
61
54
22
48
0
18
69
39
8
37
89
2
50
91
18
65
40
8
97
0
48
10
10
32
56
93
59
21
30
24
38
62
93
84
35
75
41
4
18
22
74
43
86
67
45
32
72
78
70
60
25
12
34
48
39
42
93
18
85
32
22
75
89
31
3
65
69
6
68
62
22
22
71
0
6
37
21
92
35
72
32
75
98
66
87
45
95
20
81
33
53
73
79
21
89
0
74
4
60
15
4
44
9
75
89
1
86
91
24
23
74
2
82
84
76
3
51
76
89
77
93
19
16
79
84
49
87
65
73
18
72
48
28
82
78
31
29
89
8
11
32
50
28
57
63
95
20
85
57
73
56
59
98
56
60
69
6
95
62
48
53
43
28
50
89
43
63
16
75
84
51
20
9
85
0
7
25
59
98
26
58
98
63
3
19
73
49
58
16
31
8
76
28
14
34
20
21
1
83
96
66
75
24
22
24
33
63
31
6
67
81
28
38
31
68
44
27
7
63
31
95
34
18
76
67
38
10
71
81
54
82
64
28
67
72
53
69
24
83
58
21
19
1
31
79
45
56
9
100
100
89
99
0
22
87
88
70
65
100
39
65
4
51
37
10
49
70
20
51
89
31
74
32
67
100
82
56
34
99
40
52
77
84
11
2
57
76
67
31
13
9
50
60
71
16
1
27
97
73
3
13
40
71
48
53
85
86
11
38
23
40
98
43
49
48
15
97
8
72
29
44
8
10
91
40
91
32
65
59
21
46
19
94
31
73
93
67
58
6
18
78
34
90
25
81
95
23
14
61
22
2
54
61
59
38
2
25
80
13
3
20
16
25
78
82
80
0
77
11
98
87
87
72
33
62
64
60
52
100
60
22
79
5
66
35
53
65
60
27
29
6
34
81
1
37
34
86
33
61
100
12
97
3
20
13
35
27
95
51
80
58
88
98
88
72
43
44
31
55
51
46
81
92
57
89
12
18
74
89
48
57
27
54
25
49
75
77
85
17
60
71
8
49
45
85
41
91
